$coord
         -0.161878970864          2.306276143596         -0.000032585597     c 
         -2.066878270947          0.573312911974          0.000035431353     c 
         -1.097638423047         -1.753865239556         -0.000019174158     o 
          1.447262333731         -1.603104504795         -0.000004547573     n 
          2.036580983943          0.786973398260          0.000027814878     c 
         -0.289603188100          4.322171636304         -0.000071900212     h 
         -4.085018083568          0.739245127196          0.000052509606     h 
          3.976151311991          1.364452874411          0.000021587997     h 
$end
