           2           1   1.52162351928982     
           3           1  7.376073217384904E-002
           3           2   1.34035669091317     
           4           1  5.906346740518553E-002
           4           2  0.115777215886623     
           4           3   1.16884636399461     
           5           1   1.34741497640876     
           5           2  7.976545729010980E-003
           5           3  0.129326367193925     
           5           4   1.50064221052423     
           6           1  0.972274536790202     
           6           3  1.315265653065680E-002
           6           4  8.168191920615565E-003
           7           2  0.968435498093256     
           7           3  5.697957988165350E-003
           7           4  1.499077558287655E-002
           7           5  1.017896074630673E-002
           8           2  8.324298407154120E-003
           8           3  1.916401894495441E-002
           8           4  2.810977195621803E-003
           8           5  0.966619707074802     
